26.1,
22.72,
21.85,
20.46,
20.88,
20.43,
23.35,
27.54,
31.13,
33.95,
35.16,
37.13,
39.43,
40.46,
41.78,
43.48,
46.66,
48.02,
47.09,
43.71,
43.15,
36.97,
29.41,
29.42,
25.56,
23.81,
22.36,
22.53,
24.21,
27.76,
36.51,
37.49,
39.38,
42.87,
45.0,
50.62,
53.84,
55.5,
57.5,
56.32,
52.42,
49.42,
45.31,
42.33,
41.34,
36.25,
31.21,
29.52,
27.86,
25.48,
24.58,
23.95,
26.38,
31.25,
40.15,
42.73,
46.77,
50.99,
54.31,
59.79,
65.82,
79.68,
82.08,
73.98,
70.13,
58.46,
52.77,
49.09,
49.95,
41.13,
31.65,
30.04,
26.15,
23.03,
22.38,
20.82,
22.96,
25.67,
33.85,
36.48,
38.28,
41.06,
42.61,
48.04,
52.58,
49.9,
49.68,
49.56,
47.82,
46.64,
42.21,
41.57,
41.62,
37.5,
31.14,
29.46,
22.81,
21.25,
20.11,
20.06,
21.92,
24.64,
31.23,
31.51,
33.88,
35.53,
37.0,
40.17,
42.59,
39.35,
39.31,
40.66,
39.44,
39.73,
36.46,
34.94,
37.31,
33.29,
27.08,
27.68,
22.86,
20.78,
19.96,
20.0,
21.59,
24.77,
30.74,
33.5,
36.52,
38.09,
38.66,
40.69,
41.76,
43.29,
45.01,
43.01,
43.38,
39.61,
40.13,
39.41,
38.49,
34.93,
27.85,
28.41,
22.8,
18.97,
17.66,
17.49,
18.28,
19.11,
20.82,
24.11,
29.71,
34.32,
35.94,
37.94,
38.37,
41.17,
40.57,
43.83,
44.44,
42.67,
35.16,
35.57,
35.14,
31.23,
26.0,
25.82,
21.39,
19.78,
17.8,
17.02,
16.76,
17.0,
20.32,
26.45,
28.89,
30.98,
33.72,
34.53,
34.41,
35.37,
35.99,
36.64,
38.0,
37.19,
36.21,
37.08,
35.8,
34.24,
26.96,
24.69,
19.28,
14.78,
13.33,
14.15,
17.63,
20.29,
24.46,
31.11,
31.51,
35.62,
38.38,
38.5,
40.4,
42.16,
42.69,
41.66,
41.27,
38.32,
35.96,
37.0,
36.89,
32.02,
26.42,
25.03,
21.89,
19.29,
18.14,
18.76,
20.18,
24.29,
30.71,
32.39,
36.4,
39.76,
41.95,
43.68,
43.98,
45.62,
45.05,
45.04,
44.77,
42.58,
40.88,
39.54,
39.3,
33.88,
27.04,
25.57,
23.55,
21.78,
20.58,
20.36,
22.35,
25.75,
29.28,
33.6,
34.58,
38.0,
39.66,
40.63,
42.26,
43.29,
43.96,
44.69,
42.85,
39.31,
36.6,
34.39,
35.17,
32.48,
27.01,
25.34,
22.64,
19.76,
18.94,
17.6,
19.89,
23.62,
27.44,
28.62,
31.45,
32.96,
34.96,
35.7,
38.52,
40.84,
41.9,
43.63,
42.15,
38.82,
36.52,
35.03,
33.57,
31.0,
25.63,
23.69,
20.35,
17.75,
16.44,
15.54,
18.13,
21.18,
26.3,
31.02,
31.93,
33.35,
36.46,
36.91,
38.18,
38.9,
38.57,
36.89,
34.61,
33.6,
30.27,
30.18,
30.14,
27.3,
22.55,
21.68,
19.41,
15.0,
12.88,
12.05,
12.25,
12.12,
17.43,
22.56,
25.69,
27.13,
29.35,
28.72,
29.72,
29.75,
30.35,
30.91,
30.71,
30.06,
28.26,
26.73,
27.01,
25.18,
21.73,
21.83,
12.86,
7.72,
5.79,
3.0,
2.05,
-1.72,
2.53,
18.39,
23.09,
24.73,
26.8,
27.48,
28.1,
30.04,
30.87,
33.52,
33.99,
34.39,
33.76,
32.99,
34.28,
31.62,
25.38,
23.01,
22.28,
21.06,
18.75,
18.44,
19.8,
23.63,
28.96,
32.8,
36.5,
39.54,
44.41,
45.22,
49.38,
54.52,
55.0,
59.8,
61.02,
53.88,
48.33,
44.57,
44.72,
40.0,
30.16,
27.0,
27.52,
25.6,
24.58,
24.08,
25.19,
26.99,
32.54,
36.4,
39.53,
46.12,
53.48,
57.15,
61.75,
66.64,
71.11,
78.82,
76.57,
74.15,
61.62,
55.32,
51.56,
44.25,
37.25,
30.1,
28.23,
26.29,
25.25,
24.39,
24.97,
27.31,
36.13,
41.0,
48.11,
58.36,
65.63,
72.42,
75.29,
79.49,
86.43,
94.81,
92.44,
78.18,
67.79,
62.59,
57.27,
47.64,
35.88,
29.3,
27.34,
25.52,
24.19,
23.67,
25.52,
27.73,
31.23,
34.61,
38.71,
42.68,
49.14,
53.52,
57.09,
58.99,
64.09,
68.83,
66.33,
57.82,
52.64,
47.78,
46.62,
42.27,
34.94,
29.62,
25.94,
23.54,
22.76,
21.76,
23.71,
24.97,
29.4,
33.53,
37.29,
39.54,
44.19,
45.06,
49.24,
52.15,
53.39,
56.42,
51.65,
43.24,
42.01,
38.78,
37.79,
36.31,
31.18,
27.85,
24.93,
22.25,
19.65,
17.97,
16.87,
17.52,
21.81,
25.8,
29.75,
32.79,
36.13,
37.74,
39.84,
42.08,
45.25,
47.42,
47.7,
42.61,
39.74,
36.72,
36.11,
33.53,
27.04,
26.09,
23.25,
20.91,
17.61,
13.54,
13.03,
11.69,
18.31,
25.17,
27.81,
30.31,
34.03,
35.74,
37.76,
39.46,
39.3,
44.37,
45.11,
45.08,
43.02,
41.03,
40.17,
37.06,
28.91,
27.03,
25.56,
24.24,
21.54,
21.35,
24.4,
27.5,
33.77,
35.19,
36.69,
41.8,
47.58,
50.18,
54.92,
60.42,
64.45,
68.37,
66.7,
55.92,
49.87,
44.29,
43.54,
38.99,
33.29,
27.68,
25.74,
23.87,
21.45,
20.99,
23.4,
25.74,
29.96,
32.83,
36.49,
40.8,
43.48,
47.71,
51.62,
55.84,
59.41,
63.57,
59.36,
51.66,
44.91,
42.03,
40.54,
36.12,
30.08,
27.57,
25.06,
24.25,
22.76,
21.62,
24.57,
26.93,
31.36,
33.8,
34.65,
36.85,
38.79,
39.9,
45.06,
47.32,
49.63,
52.52,
50.21,
44.51,
41.88,
38.73,
38.0,
34.81,
30.21,
27.08,
26.08,
23.8,
23.39,
22.97,
24.16,
26.86,
30.92,
34.17,
37.11,
36.81,
39.87,
42.2,
45.57,
47.05,
48.07,
52.25,
52.08,
45.6,
43.23,
39.83,
39.5,
36.63,
29.15,
27.88,
27.82,
25.85,
25.1,
24.99,
27.06,
29.23,
37.13,
38.5,
38.69,
42.16,
46.18,
49.35,
52.71,
57.67,
59.96,
61.83,
59.0,
52.3,
45.51,
44.96,
43.91,
38.25,
34.95,
30.55,
27.96,
26.01,
24.62,
23.28,
24.02,
24.06,
28.86,
33.46,
35.09,
38.95,
43.53,
44.73,
47.28,
51.25,
53.29,
55.48,
53.34,
49.28,
43.77,
40.23,
39.21,
34.98,
30.62,
28.42,
26.13,
25.08,
23.39,
22.34,
22.14,
18.29,
24.67,
29.32,
33.98,
34.01,
36.49,
40.44,
44.46,
47.17,
48.39,
51.88,
52.83,
52.26,
46.62,
42.42,
45.08,
39.67,
31.92,
29.65,
26.51,
25.47,
24.8,
24.49,
25.61,
28.0,
39.33,
42.0,
49.51,
58.85,
64.31,
70.83,
76.02,
81.25,
88.15,
91.0,
90.79,
77.49,
64.53,
56.64,
50.52,
47.04,
35.55,
32.67,
