40.01,
35.13,
34.0,
30.84,
30.3,
29.37,
28.24,
29.91,
33.89,
35.54,
36.21,
38.09,
39.07,
42.06,
41.63,
43.8,
44.25,
43.85,
43.0,
41.93,
42.03,
37.74,
36.53,
34.18,
33.64,
31.29,
29.49,
29.0,
29.25,
39.35,
36.17,
35.42,
39.81,
45.52,
47.88,
49.84,
56.61,
60.77,
76.52,
95.24,
91.69,
88.02,
70.25,
63.46,
53.78,
47.48,
40.53,
38.04,
30.82,
28.33,
27.8,
27.38,
27.49,
28.63,
30.98,
33.24,
40.98,
47.57,
49.28,
55.24,
61.58,
95.12,
133.37,
158.09,
138.91,
148.52,
121.44,
53.59,
51.01,
47.63,
47.09,
40.37,
32.7,
28.99,
28.11,
27.69,
27.9,
29.35,
31.94,
33.12,
35.81,
35.87,
36.77,
39.32,
42.36,
50.88,
62.14,
73.64,
74.21,
55.3,
44.89,
38.71,
42.58,
40.36,
35.71,
35.49,
34.26,
30.17,
29.15,
27.95,
28.0,
29.35,
32.84,
34.68,
34.95,
35.97,
36.46,
40.72,
41.14,
45.75,
54.03,
54.1,
60.82,
60.56,
42.9,
37.73,
42.31,
41.65,
41.06,
36.14,
31.48,
28.63,
27.75,
26.89,
27.27,
28.23,
29.98,
33.29,
35.33,
36.9,
36.26,
41.77,
40.84,
46.6,
50.0,
65.0,
60.0,
55.0,
42.2,
41.23,
42.9,
39.07,
35.92,
37.6,
35.41,
30.92,
28.88,
27.88,
27.59,
27.88,
26.73,
27.55,
34.42,
36.31,
37.47,
39.87,
41.83,
44.72,
46.69,
47.9,
48.31,
46.99,
44.0,
43.0,
40.0,
37.23,
36.75,
36.49,
37.24,
32.72,
31.09,
30.13,
29.79,
29.77,
29.61,
30.39,
35.07,
36.79,
38.12,
38.92,
39.76,
42.66,
44.91,
47.33,
48.25,
43.0,
40.62,
39.92,
39.7,
38.6,
37.91,
37.06,
35.23,
31.53,
30.28,
29.93,
30.09,
30.8,
31.68,
34.0,
35.44,
37.35,
38.09,
39.31,
39.89,
44.0,
46.08,
50.82,
48.25,
45.22,
40.14,
40.01,
39.42,
38.55,
37.49,
36.33,
34.0,
31.98,
30.78,
30.08,
29.79,
31.76,
30.97,
35.16,
35.15,
39.31,
40.81,
41.55,
41.09,
43.0,
43.47,
43.15,
40.98,
40.36,
39.3,
38.95,
38.44,
37.21,
37.53,
63.6,
50.33,
35.2,
33.98,
33.32,
33.56,
29.7,
31.08,
32.5,
34.23,
36.69,
37.68,
40.16,
40.79,
42.98,
45.0,
46.65,
47.0,
41.22,
39.96,
38.2,
38.02,
36.3,
33.64,
32.92,
31.85,
29.07,
27.68,
26.93,
27.44,
29.03,
31.08,
32.83,
34.52,
37.01,
38.25,
40.06,
42.3,
44.82,
50.0,
53.8,
62.56,
46.74,
41.68,
39.99,
39.99,
39.23,
35.82,
34.04,
35.36,
31.7,
30.46,
29.02,
29.18,
30.42,
31.49,
33.75,
35.23,
37.36,
40.07,
42.04,
44.08,
45.62,
47.56,
52.06,
57.0,
46.88,
44.47,
42.14,
42.1,
41.38,
37.05,
79.62,
59.92,
51.24,
49.56,
43.83,
40.19,
25.86,
25.7,
27.64,
32.89,
40.07,
42.78,
40.26,
43.26,
45.87,
49.54,
50.65,
51.84,
49.25,
44.18,
43.59,
43.1,
43.26,
40.44,
37.47,
32.46,
27.82,
26.15,
25.26,
24.8,
24.41,
23.08,
26.9,
31.88,
38.07,
41.09,
41.98,
43.34,
44.92,
46.01,
49.12,
51.86,
50.0,
46.64,
44.11,
44.21,
42.74,
41.43,
36.44,
32.93,
29.46,
28.02,
27.22,
26.96,
28.29,
29.57,
32.63,
37.44,
39.32,
42.73,
45.83,
49.33,
54.2,
55.56,
64.01,
66.15,
56.38,
47.98,
45.76,
45.49,
44.09,
39.12,
37.31,
32.13,
28.88,
25.65,
25.15,
25.26,
26.86,
32.26,
35.5,
37.91,
41.62,
43.2,
46.25,
48.54,
55.02,
60.99,
67.85,
76.7,
61.84,
50.69,
47.79,
46.87,
44.1,
42.52,
38.79,
30.57,
28.33,
27.25,
25.71,
26.29,
27.71,
31.95,
37.28,
37.58,
42.04,
42.05,
46.65,
46.67,
50.63,
58.77,
66.07,
66.1,
51.46,
47.02,
44.97,
44.82,
43.0,
40.53,
36.32,
31.48,
28.63,
25.96,
24.81,
25.65,
27.15,
30.8,
33.2,
36.81,
41.38,
43.32,
46.31,
48.74,
51.16,
56.41,
61.83,
62.92,
51.8,
47.92,
45.42,
44.86,
43.17,
41.16,
35.48,
35.54,
30.27,
28.97,
27.63,
27.9,
26.0,
29.54,
32.93,
35.59,
39.91,
43.31,
43.85,
48.29,
50.35,
50.77,
53.49,
54.35,
48.07,
44.46,
43.79,
43.51,
43.38,
42.26,
39.84,
37.62,
31.84,
30.44,
29.47,
28.43,
28.51,
29.19,
31.77,
37.84,
40.04,
41.46,
42.68,
45.23,
50.0,
52.77,
55.49,
54.85,
50.07,
44.19,
43.23,
42.57,
41.61,
40.74,
37.54,
35.87,
31.8,
30.09,
28.2,
27.67,
27.68,
27.03,
29.07,
35.12,
39.09,
41.04,
42.26,
43.62,
46.04,
48.93,
50.08,
49.76,
47.03,
43.68,
42.47,
41.98,
42.04,
39.78,
37.56,
34.38,
30.18,
28.05,
27.55,
28.09,
29.05,
32.48,
35.48,
38.24,
41.3,
44.75,
46.93,
51.92,
58.94,
59.83,
63.8,
63.89,
56.05,
47.28,
44.17,
43.45,
41.72,
40.88,
36.94,
36.23,
31.81,
29.34,
28.68,
29.35,
32.31,
35.02,
38.61,
40.25,
43.06,
46.4,
48.33,
54.38,
59.39,
63.76,
67.43,
66.26,
57.69,
47.77,
45.38,
44.38,
42.64,
40.38,
38.65,
37.18,
31.34,
28.62,
28.22,
28.68,
30.66,
35.38,
38.02,
48.45,
52.63,
57.8,
69.57,
79.0,
81.44,
85.35,
93.44,
91.4,
76.96,
44.95,
40.72,
40.42,
41.55,
39.52,
35.46,
32.72,
29.76,
29.17,
28.74,
28.62,
29.93,
32.02,
34.36,
37.74,
37.77,
40.14,
42.38,
43.75,
45.14,
46.13,
46.51,
47.12,
44.1,
43.39,
41.99,
41.89,
40.38,
39.83,
34.65,
32.09,
29.06,
27.91,
27.7,
27.59,
29.59,
33.86,
37.07,
39.85,
39.94,
41.88,
44.95,
45.92,
50.03,
54.33,
54.99,
52.58,
47.24,
43.77,
42.6,
42.56,
40.67,
39.18,
36.44,
33.04,
29.03,
28.01,
27.34,
27.06,
27.5,
27.2,
30.45,
36.01,
38.77,
38.81,
40.62,
43.37,
46.47,
47.64,
49.45,
49.32,
45.54,
42.01,
40.08,
39.49,
39.13,
38.55,
35.8,
32.89,
30.6,
28.44,
27.55,
26.97,
26.68,
26.53,
28.14,
32.08,
36.95,
38.32,
41.34,
44.37,
50.19,
52.49,
54.84,
54.97,
51.61,
45.2,
40.64,
40.6,
39.53,
36.96,
34.28,
32.71,
30.23,
29.11,
28.69,
28.58,
30.21,
33.2,
33.95,
34.71,
38.68,
38.32,
48.26,
58.76,
72.85,
80.46,
86.6,
85.57,
64.84,
50.62,
43.87,
41.39,
39.9,
38.36,
34.71,
